00000000000000000000000000000000000000000000000000000000000000000000
00000000000000000000000000000000000000000000000000000000000000000000
00000000000000000000000000000000000000000000000000000000000000000000
00000000000000000000000000000000000000000000000000000000000000000000
00000006000000000000000000000000000000000600000000000000000000000000
00000000000000000000000000000000000000000000000000000000000000000000
00000000000000411171100000000171114000000000000000000111140000000000
00000000000000400000000000000000004000000000000000000000040000000000
00000000000000400000000000000000004000000000000000000000040000000000
00000000000000400000011151111000004000000000000001151000040000011118
00000000000000400000000000000000004000000000000000000000040000000000
00000000000000400000000000000000004000000000000000000000040000000000
00000000000000400000000000000000004000000000000000000000040000000000
00000000000000400000000000000000004000000000151110000000041115100000
11111112000000400000000000000000004151111113000000000000000000000000
00000000111511400000000000000000000000000000000000000000000000000000
99999999999999999999999999999999999999999999999999999999999999999999
Start Screen
HERE
